
6000, 9000, 19000, mode: 3, 
6000, 9000, 19000, mode: 1, 
6000, 9000, 19000, mode: 3, 
6000, 9000, 19000, mode: 1, 
6000, 9000, 19000, mode: 3, 
6000, 9000, 19000, mode: 1, 
6000, 9000, 9500, mode: 3, 
6000, 9000, 9500, mode: 1, fail
6000, 9000, 9500, mode: 3, 
6000, 9000, 9500, mode: 1, 
6000, 9000, 9500, mode: 3, fail
6000, 9000, 9500, mode: 1, 
6000, 9000, 7000, mode: 3, fail
6000, 9000, 8000, mode: 3, 
6000, 9000, 8000, mode: 1, 
6000, 9000, 8000, mode: 3, 
6000, 9000, 8000, mode: 1, fail
6000, 9000, 8000, mode: 3, 
6000, 9000, 8000, mode: 1, 
6000, 9000, 6500, mode: 3, 
6000, 9000, 6500, mode: 1, 
6000, 9000, 6500, mode: 3, 
6000, 9000, 6500, mode: 1, 
6000, 9000, 6500, mode: 3, 
6000, 9000, 6500, mode: 1, 
6000, 9000, 6500, mode: 3, 
6000, 9000, 6500, mode: 1, 
6000, 9000, 6500, mode: 3, 
6000, 9000, 6500, mode: 1, 
6000, 9000, 6500, mode: 3, 
6000, 9000, 6500, mode: 1, 
6000, 9000, 6500, mode: 4, fail
6000, 9000, 6500, mode: 4, fail
6000, 9000, 6500, mode: 1, fail
6000, 9000, 6500, mode: 1, 
6000, 9000, 6500, mode: 1, 
6000, 9000, 6500, mode: 1, 
6000, 9000, 6500, mode: 1, 
6000, 9000, 6500, mode: 1, fail
6000, 9000, 6500, mode: 1, 
6000, 9000, 6500, mode: 1, 
6000, 9000, 6500, mode: 1, 
6000, 9000, 6500, mode: 1, 
6000, 9000, 6500, mode: 1, 
6000, 9000, 6500, mode: 1, 
6000, 9000, 6500, mode: 4, fail
6000, 9000, 6500, mode: 4, fail
64800, 16200, 0, mode: 0, fail
64800, 16200, 0, mode: 0, fail
64800, 16200, 0, mode: 0, fail
16200, 0, 0, mode: 0, 
16200, 0, 0, mode: 0, 
16200, 125000, 0, mode: 0, 
16200, 62500, 0, mode: 0, fail
16200, 62500, 0, mode: 0, fail
16200, 62500, 0, mode: 0, fail
16200, 62500, 0, mode: 0, fail
16200, 62500, 0, mode: 0, fail
16200, 62500, 0, mode: 0, fail
6750, 62500, 0, mode: 0, fail
6750, 62500, 0, mode: 0, fail
6750, 62500, 0, mode: 0, fail
6750, 62500, 0, mode: 0, fail
6750, 62500, 0, mode: 0, fail
6750, 62500, 0, mode: 0, fail
6750, 62500, 0, mode: 0, fail
6750, 62500, 0, mode: 0, fail
6750, 62500, 0, mode: 0, fail
6750, 62500, 0, mode: 0, fail
6750, 62500, 0, mode: 0, fail
6750, 62500, 0, mode: 0, fail
6750, 62500, 0, mode: 0, fail
6750, 62500, 0, mode: 0, fail
6750, 62500, 0, mode: 0, 
6750, 62500, 0, mode: 0, fail
16200, 62500, 0, mode: 0, fail
16200, 62500, 0, mode: 0, fail
16200, 62500, 0, mode: 0, 
16200, 62500, 0, mode: 0, fail
16200, 62500, 0, mode: 0, fail
16200, 62500, 0, mode: 0, 
16200, 62500, 0, mode: 0, fail
16200, 62500, 0, mode: 0, fail
16200, 62500, 0, mode: 0, fail
16200, 62500, 0, mode: 0, fail
16200, 62500, 0, mode: 0, fail
16200, 62500, 0, mode: 0, fail
16200, 62500, 0, mode: 0, 
16200, 62500, 0, mode: 0, fail
16200, 125000, 0, mode: 0, fail
16200, 125000, 0, mode: 0, fail
16200, 125000, 0, mode: 0, fail
16200, 125000, 0, mode: 0, fail
16200, 125000, 0, mode: 0, fail
16200, 125000, 0, mode: 0, fail
16200, 125000, 0, mode: 0, fail
16200, 125000, 0, mode: 0, fail
16200, 125000, 0, mode: 0, fail
16200, 125000, 0, mode: 0, fail
16200, 125000, 0, mode: 0, fail
16200, 125000, 0, mode: 0, 
16200, 125000, 0, mode: 0, fail
16200, 125000, 0, mode: 0, fail
16200, 62500, 0, mode: 0, fail
16200, 62500, 0, mode: 0, 
16200, 62500, 0, mode: 0, 
16200, 62500, 0, mode: 0, fail
16200, 62500, 0, mode: 0, fail
16200, 62500, 0, mode: 0, fail
16200, 62500, 0, mode: 0, fail