 
70000, 70000, 18000, mode: 3, 
70000, 70000, 18000, mode: 1, 
70000, 70000, 18000, mode: 3, 
70000, 70000, 18000, mode: 1, 
70000, 70000, 18000, mode: 3, 
70000, 70000, 18000, mode: 1, 
70000, 70000, 18000, mode: 3, 
70000, 70000, 18000, mode: 1, 
65000, 70000, 18000, mode: 3, fail
65000, 70000, 18000, mode: 3, 
65000, 70000, 18000, mode: 1, 
65000, 70000, 18000, mode: 3, 
65000, 70000, 18000, mode: 1, 
65000, 70000, 18000, mode: 3, 
65000, 70000, 18000, mode: 1, 
60000, 70000, 18000, mode: 3, fail
60000, 70000, 18000, mode: 1, 
60000, 70000, 18000, mode: 3, fail
60000, 70000, 18000, mode: 1, 
60000, 70000, 18000, mode: 3, fail
60000, 70000, 18000, mode: 1, 
90000, 50000, 18000, mode: 3, fail
95000, 50000, 18000, mode: 3, fail
95000, 50000, 18000, mode: 1, 
95000, 50000, 18000, mode: 3, fail
95000, 50000, 18000, mode: 1, 
95000, 50000, 18000, mode: 3, fail
95000, 50000, 18000, mode: 1, 
33000, 33000, 35000, mode: 2, fail
34000, 34000, 35000, mode: 2, fail
34000, 34000, 35000, mode: 1, 
35000, 35000, 35000, mode: 2, 
35000, 35000, 35000, mode: 1, 
36000, 36000, 35000, mode: 2, 
36000, 36000, 35000, mode: 1, 
70000, 70000, 18000, mode: 3, fail
70000, 70000, 18000, mode: 1, 
70000, 70000, 18000, mode: 3, 
70000, 70000, 18000, mode: 1, 
70000, 70000, 18000, mode: 3, 
70000, 70000, 18000, mode: 1, 
65000, 65000, 18000, mode: 3, fail
67500, 67500, 18000, mode: 3, fail
70000, 70000, 17500, mode: 3, 
70000, 70000, 17500, mode: 1, 
70000, 70000, 17500, mode: 3, 
70000, 70000, 17500, mode: 1, 
70000, 70000, 17500, mode: 3, 
70000, 70000, 17500, mode: 1, 
70000, 70000, 9000, mode: 3, fail


6000, 9000, 19000, mode: 3, 
